epoch_num: 3, lr: 0.00002, batch_size: 16, eval_acc: 0.8456
epoch_num: 3, lr: 0.00001, batch_size: 32, eval_acc: 0.7941
epoch_num: 2, lr: 0.00005, batch_size: 16, eval_acc: 0.8750